      1 9936074
      1 9817836
      1 9763514
      1 9501003
      1 9492346
      1 9466724
      1 9262441
      1 9226051
      1 9174926
      1 9106702
      1 9084627
      1 9009794
      1 889090
      1 8820408
      1 8784931
      1 8757981
      1 8509990
      1 8430677
      1 8407749
      1 834534
      1 8238331
      1 815057
      1 8119637
      1 7695092
      1 748398
      1 7465888
      1 735528
      1 7313385
      1 72570792
      1 72567643
      1 72276447
      1 72270366
      1 72219412
      1 72049360
      1 72018354
      1 71961155
      1 71659071
      1 7160357
      1 71528388
      1 71483631
      1 71354532
      1 71350286
      1 71276603
      1 71257013
      1 71099055
      1 70654052
      1 70583929
      1 70570985
      1 70464850
      1 70372199
      1 70324014
      1 70229773
      1 69903777
      1 69809141
      1 69714746
      1 69420127
      1 6941425
      1 6940950
      1 69409180
      1 69331732
      1 69292819
      1 69288382
      1 69200600
      1 69003573
      1 68786103
      1 6864928
      1 68613870
      1 68600076
      1 68358014
      1 68076967
      1 68057202
      1 68052356
      1 6804685
      1 67954403
      1 67925046
      1 67563826
      1 67326302
      1 67176060
      1 6712434
      1 66863875
      1 66794373
      1 66788815
      1 66662646
      1 66510236
      1 66364289
      1 66304865
      1 66141258
      1 65981627
      1 6573516
      1 65710683
      1 65643281
      1 65552677
      1 65536890
      1 65467419
      1 65415733
      1 65371747
      1 65351752
      1 65351284
      1 65276224
      1 65109471
      1 6505784
      1 64949120
      1 64907296
      1 64782257
      1 64762876
      1 64738167
      1 64735722
      1 64142351
      1 64121510
      1 64096376
      1 6407990
      1 64016156
      1 64015204
      1 63883833
      1 63849912
      1 63800024
      1 63777704
      1 63699775
      1 63672804
      1 63656625
      1 63599295
      1 63585779
      1 63329983
      1 63212076
      1 63203464
      1 62976532
      1 62947785
      1 62808980
      1 62318042
      1 62270274
      1 62236840
      1 62090910
      1 62059617
      1 62046973
      1 61643840
      1 61626640
      1 61619527
      1 6161329
      1 61444473
      1 61320107
      1 61282289
      1 61244537
      1 61199261
      1 6115895
      1 61069748
      1 60888222
      1 60701279
      1 60651383
      1 60631293
      1 60507447
      1 60400542
      1 60354766
      1 6018123
      1 60172783
      1 60162999
      1 60157321
      1 60128418
      1 60066268
      1 59959453
      1 59769882
      1 5976786
      1 59685174
      1 59499327
      1 59461471
      1 59439125
      1 59163412
      1 59042842
      1 58986008
      1 58960801
      1 58917885
      1 58608022
      1 58603383
      1 58410918
      1 58355649
      1 58335116
      1 58223632
      1 58174547
      1 5788553
      1 57723568
      1 57389797
      1 57227586
      1 57169678
      1 57043876
      1 57010308
      1 56755174
      1 56327755
      1 56171665
      1 56131888
      1 55700829
      1 55479813
      1 5545339
      1 55256255
      1 55128032
      1 54927164
      1 54913107
      1 54909473
      1 54909202
      1 54741938
      1 54722980
      1 54631997
      1 54279605
      1 54029571
      1 53616070
      1 53549571
      1 53226780
      1 53031919
      1 52945477
      1 5285120
      1 52754431
      1 52747923
      1 52737269
      1 52577018
      1 52495905
      1 5248757
      1 52464134
      1 52446865
      1 52394410
      1 52324983
      1 52220485
      1 51834788
      1 51774022
      1 51692033
      1 51311697
      1 50899912
      1 50789615
      1 50564165
      1 50537204
      1 5039169
      1 50354000
      1 50334464
      1 50333253
      1 49997343
      1 49732018
      1 49678968
      1 495602
      1 49494808
      1 49390412
      1 49345374
      1 49161286
      1 49158149
      1 49088990
      1 48963298
      1 48929100
      1 48921284
      1 48772068
      1 48680524
      1 48578369
      1 48546163
      1 48511713
      1 4843544
      1 48330512
      1 48261090
      1 48172224
      1 48106811
      1 48017958
      1 47850384
      1 47642535
      1 47452914
      1 47433109
      1 47360991
      1 47180129
      1 47129228
      1 47026360
      1 4648609
      1 46392536
      1 46251075
      1 46186295
      1 46110253
      1 45975014
      1 4596222
      1 45887199
      1 45865002
      1 45855020
      1 45854997
      1 45822220
      1 45762334
      1 45762029
      1 4547747
      1 45440365
      1 45302699
      1 45018474
      1 44831284
      1 44732134
      1 446279
      1 44487615
      1 44081750
      1 43837546
      1 43758003
      1 43684504
      1 43112730
      1 42909967
      1 4289773
      1 42825411
      1 4282329
      1 42798543
      1 42796376
      1 42753222
      1 42641392
      1 42638483
      1 42520681
      1 42501238
      1 42489735
      1 42430227
      1 4238374
      1 42229327
      1 42055303
      1 42026293
      1 41712671
      1 41472642
      1 41399555
      1 41361344
      1 41269240
      1 40974689
      1 4094246
      1 40891683
      1 40599956
      1 40558943
      1 40330528
      1 40110654
      1 39953825
      1 39933424
      1 39707150
      1 39676414
      1 3939518
      1 39370780
      1 39332886
      1 38983136
      1 38790228
      1 38383359
      1 38340819
      1 37934199
      1 3766796
      1 37454857
      1 37447745
      1 37317550
      1 37179306
      1 37075447
      1 36975129
      1 36955228
      1 36951327
      1 36812998
      1 3667812
      1 36591657
      1 36340326
      1 36145440
      1 36105592
      1 35991167
      1 35930628
      1 35880331
      1 35822839
      1 3573105
      1 35565012
      1 35477969
      1 35170930
      1 3495532
      1 34862225
      1 34830469
      1 34819608
      1 34565991
      1 34560771
      1 3439666
      1 34273258
      1 34162803
      1 34154789
      1 34034368
      1 33989638
      1 337790
      1 3370938
      1 33654131
      1 33512799
      1 33348963
      1 33324398
      1 3328916
      1 33238435
      1 33194178
      1 33106586
      1 33102570
      1 3268965
      1 32547548
      1 32404858
      1 32343894
      1 32114398
      1 31917292
      1 31756184
      1 31715124
      1 3162115
      1 31405248
      1 31347355
      1 31254020
      1 31087011
      1 3105442
      1 31046794
      1 30979779
      1 30976802
      1 30847171
      1 3038912
      1 30251490
      1 30050524
      1 29902614
      1 29891548
      1 29491246
      1 29398952
      1 29335307
      1 29249972
      1 28972512
      1 28867126
      1 28864115
      1 28797042
      1 28695450
      1 28624549
      1 28468570
      1 2846097
      1 28172331
      1 28148488
      1 27431767
      1 27368294
      1 27177471
      1 27174121
      1 27162980
      1 27078453
      1 26862053
      1 26811538
      1 26777785
      1 26753124
      1 26530720
      1 26423728
      1 26417761
      1 26377277
      1 26184344
      1 26016639
      1 25537419
      1 25516111
      1 25512210
      1 25304013
      1 25135862
      1 25102432
      1 24887591
      1 24831652
      1 24766688
      1 24528074
      1 24517022
      1 24484166
      1 244251
      1 24373735
      1 24315367
      1 24277350
      1 24151753
      1 24111130
      1 24092406
      1 23979605
      1 23910486
      1 2388197
      1 23842177
      1 23842163
      1 23793631
      1 23728600
      1 23606566
      1 23503898
      1 23411002
      1 23390360
      1 23209291
      1 23160645
      1 23064654
      1 22882992
      1 2279020
      1 22496367
      1 22419199
      1 22413045
      1 22343773
      1 21979373
      1 21712727
      1 21494380
      1 21436770
      1 21387800
      1 20998899
      1 20945287
      1 20769461
      1 20394668
      1 20255719
      1 19962170
      1 19925682
      1 19890202
      1 19852066
      1 19837686
      1 19786283
      1 19691124
      1 19679058
      1 1966983
      1 19636071
      1 19630125
      1 19602115
      1 19525437
      1 19296981
      1 18998680
      1 18852923
      1 18839182
      1 18811774
      1 18795309
      1 18723770
      1 18618079
      1 18572694
      1 18204337
      1 18097747
      1 17841267
      1 17721109
      1 17711371
      1 17700240
      1 17606541
      1 17605328
      1 17561132
      1 17497896
      1 17490509
      1 17230694
      1 17019547
      1 16905106
      1 16559392
      1 16359062
      1 16296536
      1 16204805
      1 16018748
      1 15976076
      1 15839442
      1 1581191
      1 15794990
      1 15530243
      1 15372091
      1 15309525
      1 15306806
      1 15234587
      1 15199952
      1 14589910
      1 14338577
      1 14019945
      1 13942454
      1 13941249
      1 13857183
      1 13704880
      1 13677434
      1 13602510
      1 13497732
      1 13494717
      1 13269484
      1 13130530
      1 13119823
      1 13018433
      1 12659305
      1 12583831
      1 12381010
      1 12295905
      1 12251345
      1 11899354
      1 11880735
      1 11696671
      1 11582980
      1 11582897
      1 11451602
      1 11248174
      1 11044948
      1 1102792
      1 10600350
      1 10571177
      1 10500574
      1 10452842
      1 10228975
      1 10226007
      1 10104865
      1 10023613
